176 -404 996 -275 628 344 782 -575 849 -28 23 777 507 -454 724 -205 -791 -127 -318 -248 -127 -278 673 -315 604 -517 -886 -215 -742 55 204 369 497 -327 407 706 859 619 23 840 -703 -507 921 -608 -747 248 901 -397 689 908 82 -736 288 -405 -419 -910 592 -642 -342 673 -388 673 -152 268 -611 -710 -715 -702 664
717 -273 -262 -146 -853 -528 479 206 -541 308 623 -901 243 -507 85 954 -628 991 -157 76 701 625 -355 -383 -328
-821 -393 690 -975 -316 -993 -230 177 19 321 346 227 34 221 904 720 -531 703 -602 254 595 189 957 795 224 882 -384 261 16 -458 -223 937 491 -878 -818 257 459 613 500 -175 -855 -412 -622 -920 -32 534 797 904 -533 921 -517 575 -470 25 -512 -121 810
-837 424 45 733 412 -11 458 888 592 -340 -24 -731 96 501 -213 470 559 -404 973 890 212 -720 682 -913 309 -282 319 833 -678 -780 -160 823 -473 198 -934 -890 986 665 -758 438 -399 102 -663 -21 -267 -166 828 748 251 -316 -713 774 949 779 -941
718 -847 -574 119 942 384 -253 481 -803 84 245 -289 983 -661 147 -713 -711 -367 365 -895 -553 274 162 -900 -693 347 822 -804 -369 -85 696 -396 554 -226 -715 -436 -867 -973 823 -86 307 548 562 -118 27 -561 -319 225
-26 367 -512 429 -986 982 445 591 635 478 -884 -844 -947 -609 -523 -691 447 830 978 453 -478 551 -663 539 -811 719 -671 548 283 944 -627 525 0 387
-173 -753 986 -278 285 -358 -581 -576 64 29 67 870 -530 -904 13 537 794 846 -286 36 409 -841 -165 308 -63 91 222 -569 229 167 800 983 629 -728
-143 -100 578 393 -934 432 -72 -430 719 -327 121 689 958 -335 -728 -514 671 -700 824 -71 365 291 379 310 797 147 -133 16 -119
63 -103 152 945 -739 521 436 -928 -653 -779 -708 66 698 -842 -295 -596 -80 -163 200 223 -787 -450 286 162 311 -902 -578 -527 442 -200 -122 -829 866 499 31 748 -402 495 -715 812 478 778 977 269 866 -272 549 63 421 293 -821 962 -287 -224 -732 664 -389 -326 -879 325 185 194 960 -362 301 -184 984 -429 687 792 -222 -960 72 108 618
785 757 771 -324 -886 810 794 -678 -886 -733 386 416 599 -995 -982 830 271 665 638 690 19 -103 -101 -897 -870 -814 -483 -904 -779 -211 156 937 786 -109 -845 -765 -765 -805 355 901 272 -941 276 -673 -173 939 -615 -103 -956 -874 491 -209 51 12
313 -211 478 678 -320 108 851 683 138 -85 98 454 -314 -277 356 -920 356 -977 -660 710 -876 -393 -226 -852 324 -327 -285 -398 538 -27 219 -96 -352 229 929 -579 -331 35 -465 498 -37 937 757 -935 655 271 417 888 -718 747 -555 -569 921 923 357 114 996 976 -366 -590 514 441 -114 -360 107 -204 -667 -524 -182 -815 171 760 959 -418
-994 -222 336 -167 -600 988 799 -937 776 746 -82 564 -330 -819 -285 52 554 -876 -50 -125 -761 -925 29 828 643 69 -613 162 -72 -249 -869 -312 201 -923 -390 -817 -942 -286 -327 -856 555 -57 766 -208 -578 193 154 -964 856 601 -40 722 -72 -823 488 -966 346
-186 -42 60 708 -652 587 566 81 -85 516 -182 203 -29 536 932 933 -891 -641 -271 37 -646 -908 -435 396 283 487 -390 591 421 67 -562 -406 309 942 -481 204 -283 -247 -92 -682 -648 450 456 482 797 -649 -803 961 498 -265 -318 -954 110 -886 -755 -357 -85 234 -108 -664 -665 581 165 678 -789 95 295 -783 -889 496
-302 -763 232 -565 963 833 723 -966 -747 755 -239 -519 654 -681 576 -591 -397 -535 790 -198 706 79 -877 -517 -822 196 740 821 261 -179 968 -278 -337 -640 627 814 600 235 -1 623 605 125 -151 -627 478 -632 -838 -745 -501 397 -861 -991 -791 -812 -927 -506 738 170 -392 276 -59 -609
-543 -786 171 162 916 982 -997 68 -665 -567 -530 -218 -492 -405 74 658 540 -394 568 -665 -989 -735 812 -567 220 -341 215 815 263 906 10 314 659 -613 -255 -447 -911 -834 -298 57 -270 350 -235 898 888 417 153 350
-441 -90 -213 558 -410 -382 -685 39 693 -940 993 537 -564 236 561 -530 -674 -991 7 194 -354 80 -128 -412 -862 975 -45 259 954 -852 -532 -651 -127 -65 91 -99 952 -426 101 -65 155 311 -300 -946 421 -319 589 -522 735 456 -1 -575 698 -991 732 -988 -128
675 -61 -718 -990 182 -968 115 -826 -195 446 35 3 233 951 546 260 -189 997 -605 309 30 812 -311 -731 205 -437 326 -459 -846
530 337 940 274 260 410 513 -435 867 -22 -541 -557 170 -455 314 -828 -226 239 -483 643 -320 121 -59 487 -23 127 24 806 -196 -491 317 -383 725 -714 686 -319 326 932 469 732 660 615 -717 311 758 -494 502 -452 723 -384 331
670 -40 258 407 -967 -33 249 877 541 -723 -924 452 287 -174 510 -524 949 -166 -61 -562 -928 -547 885 760 684 633 -674 452 -99 -185 -306 -793 -678 -494 394 -947 329
-452 991 633 -225 -793 -968 -368 190 181 231 3 814 -130 -898 -511 903 136 -574 -513 903 182 156 -817 832 -427 -588 991 262 546 -218 -767 -852 -552 249 857 453 725 -544 -84 333 992 -342 -772 -768 59 433 -562 -91 266 999 -887 -917 -765 801 784 139 935 659 -654 -410 541
-473 -323 -528 -973 -904 -138 595 943 -155 -826 405 525 999 194 -593 -164 -413 -903 -666 236 -615 258 380 460 569 238 -585 -3 704 925 -139 -306 787
-452 869 273 -590 -222 596 -335 -634 466 317 883 895 -390 341 484 794 -251 417 580 321 392 -323 631 -8 -221 312 346 -746 -885 -149 -921 -349 -896 -995 -404 474 670 186 -379 210 214 21 -674 81 -855 849 -553 -37 -24 -443 -297 -350 -347 -93 135 369 804 379 -297 -832 -687 301 -593 161 683 -163 -864 421 84 403 -524 507 -739 990
6 -352 898 -14 -485 -13 -249 115 -776 -192 759 -647 -964 70 575 -680 -355 986 -343 585 -174 408 524 -452 176 -146 501 -640 514 898 935 -576 353 109 -904 922 -72 -258 217 694 -939 243 -175 -341 449 -563 -368 -118 274 -542 7 710 -105 719 49 382 -284 -7 -684 720 838
-730 774 -247 -722 -537 757 829 -566 -970 134 491 -426 378 944 17 249 -411 -624 724 341 7 -435 792 -173 -611 -896 -813 -897 707 -495 195 -261 -121 -431 -259 -887 823 -394 402
587 -875 132 -934 -327 965 -248 -279 -413 -234 -262 501 -654 -131 -61 288 13 104 -697 969 268 659 -202 -127 -819 779 -943 -669 766 490 -832 -53 -52 -647 749 274 280 313 -796 -152 45 25 -863 283 904
503 541 209 871 768 804 98 240 -754 379 -44 772 529 -935 -753 800 -447 -400 -369 661 -34 -255 -577 -145 -975 -758 -665 196 759 -423 -93 -822 484 -475 -782 -856 -192 -168 972 479 714 -310 947
-108 82 -235 -59 -803 631 260 981 513 -700 -251 -957 -962 -338 -620 486 22 285 186 -471 633 442 522 975 848 644 123
-120 -814 -378 -551 839 -33 164 -354 139 644 766 8 521 -176 188 -271 -744 -819 624 950 -726 -148 -706 -377 -909 932 -527 968 427 286 722 193 22 655 -874 611 -595 826 297 -985 -409 69 -122 -843 -857 180 -66 -105
295 468 -606 377 -736 422 249 568 883 -967 -77 -720 -573 -368 -979 265 219 -65 693 453 -623 -896 434 121 -466 -449 428 -140 -281 687 -363 -182 428 583 769 691 -715 -885 895 -470 -686 27 -287 814 -892 191 323 -188 647 -217 616 458 -259 -459 -534 -797 889 -23 -168 -520 219 -214 689 -693 198 580 364 -591 873 358
786 1 -682 830 -512 -67 -606 -345 701 -719 -876 -133 -239 361 130 -620 166 416 -898 6 886 -570 214 439 824
-992 -477 44 950 968 716 -663 -906 -559 -5 -556 -106 -883 928 -663 -810 -265 -65 -884 -793 694 720 -888 -132 88 -506 235 779 -652 -203 -972 553 838
726 634 927 279 916 -959 186 892 678 -251 -676 -510 829 204 962 -83 -740 10 661 -485 -271 -414 -756 -968 -486 -30 -281 777 179 -747 142 -450 -40
-196 163 -539 276 789 413 -838 -748 445 465 170 719 207 -550 -209 607 -841 857 784 -842 -223 557 838 516 762 264 288 -843 617 -956 516
-223 -127 -289 538 -676 702 -848 281 -928 851 -469 855 397 988 -631 788 -144 -873 -239 -494 -592 155 730 -476 -852 902 -997
-167 491 -463 -674 395 -283 79 -890 657 106 -598 29 -921 -245 115 159 -145 -189 459 -868 -756 -360 822 -61 -913 400 -617 -172 113 388 -887 -402 85 -637 -513 818 169 527 692 -126 894 991 -27 351 126 -844 -200 -950 -775 731 963 335 990 305 755
7 780 449 -977 84 965 -317 119 117 961 -908 -219 831 -716 -967 -792 683 -866 -204 553 257 -45 -577 363 306 881 -750 902 -572 611 589 -315 910 386 -802 93 -55 516 -875 -2 684 61 664 110 -601 607 -449 441 449 -403 840 117 -772 -427 714 -921 496
-492 -170 81 57 -87 992 577 -148 689 736 -69 -564 -562 519 903 -852 376 -455 93 365 603 257 487 996 -684 -846 -505 315 -81 -702 557 808 -46 -214 -51 796 -984 395 962 865 -597 595 -659 470 564 861 261 10 -358 551 108 -787
456 -234 801 -589 -326 -18 354 -452 -892 137 -974 -524 -916 -753 -196 538 76 664 907 -964 -460 -354 -661 -354 -600 -108 -328 -436 -110 -724 483 750 729 622 -500 -452 -826 -530 -767 27 -328 223 596 -201 -718 617 787 -335 -129
-402 726 367 -452 655 -72 712 722 903 531 -799 715 679 -555 187 -110 223 -349 -3 916 627 764 -136 -165 950 -809 -237 -107 542 -604 158 -766 -245 618 365 -983 322 103 -712 -37 -357 372 907 173 -484 -349 457 670 -2 14
-395 -540 626 583 -617 476 -201 880 -790 -477 71 -468 638 361 -976 360 503 -545 -568 273 194 949 140 647 153 -422 -712 -171 129 551 -870 678 697 296 -162 54 19 -747 -710 951 -191 334 -897 -388
404 677 612 -555 -401 993 870 -548 262 735 -830 239 -214 273 -651 -792 -679 -406 -614 -331 -371 -510 -972 446 174 586 704 -622 202 469 -916 -5 801 -812 -62 -64 -548 178 94 677 -192 535 765 260 289 -89 -741 74 -710 -368 665 541 -367 313 -182 -782 376 504 486 719 -254 814
-474 931 853 -243 -351 -551 396 137 -614 -573 -986 -368 162 124 697 739 314 -51 -679 -541 814 -183 790 -765 140 246 -801 836 -452 38 -465 -614 403 93 -923 52 708 -269 436 470 50 -441 -568 285 448 522 -757 -13 -489 541 -794
557 -466 -536 264 521 -92 408 781 722 -454 -50 -594 -32 -788 -996 319 897 933 -421 273 -877 -121 -525 -484 -439 -337 185 -232 414 -937 -522 -374 -493 696 582 -463 -212 -818 599 -258 -740 -159 -682 652 -872 -765 519 -961 55 589 959 -45 514 467 -108 -717 -733 -893 956 303 952 -386 850 -355
-399 -797 965 492 460 -452 351 -767 -47 -328 -81 88 489 -272 -671 219 651 218 278 560 973 -287 611 -76 -961 -704 -577 156 190 568 -558 870 -751 -632 492 -277 952 -628 -4 561
535 670 857 341 673 -539 355 -862 150 792 829 -744 365 243 243 -132 -425 -596 -637 -569 426 -329 738 -674 -370 -263 -771 -699 539 -763 -137 555 311 42 -59 -952 -775 -514 -301 -120 -761 -213 934 -729 -143
415 -777 -581 188 979 561 419 -827 665 -684 635 44 -221 -239 382 974 289 303 -472 -317 -54 -511 -863 -164 605 164 -933 303 -266 871 120 566 869 266 989 998 -841 -405 710 -669 -705 -77 -136 -792 353 79 -133 -10 -434 482 -507 -784 418 -332 -262 -290 -451 -229 73 -566
92 680 954 830 -108 -236 -107 -581 999 -615 216 -635 -277 -831 525 593 595 -824 -979 -648 -972 -632 -381 -64 670 743 350 364 -556 154 -123 -94 903 -41 253 266 887 784 -202 627 -241 -744 549 205 -232 243 -120 162 783 -15 -35 260 -653 883 -967 -749 -834 -474 169 909 -580
-427 128 -354 -207 385 -128 -597 850 -567 618 -766 560 795 -594 -489 962 412 167 -659 614 -727 918 -834 366 167 248 -94 638 -505 211 -484 262 490 -50 377 228 560 32 840 477 -266 -925 -906 -828 -988 -651 913 -530 -586 5 -640 418 -363 -863 559 -903 -210 -537 -404 -871 531 -598 853 228 55 -416
758 -641 76 811 631 -20 660 726 857 688 261 -30 584 280 595 -899 578 -317 -412 -881 -316 -110 -99 427 345 -72 -6 1 -234 -322 -58 98 -541 897
-145 -666 963 -796 151 748 -957 -445 -593 -155 -437 -942 959 -801 -205 -917 -242 -447 -164 90 153 -298 -837 620 -955 611 -376 325 -103 -945 317 -929 -942 807 -16 960 834 120 -355 430 -485 -240 -79 857 -788
-989 637 -758 988 986 725 -266 -21 -637 838 80 724 -113 574 -309 -362 -216 -697 -22 158 785 -532 -431 645 13 -599 354 784 510 425
-427 -901 660 -661 -99 -26 -625 233 -83 628 173 79 -43 427 756 -236 -312 197 -333 -797 949 -2 -380 -58 940 -954 -968 845 -117 338 -107 -573 104 123 401 769 756 -924 187
717 423 -140 -85 -169 556 128 -977 -351 -806 723 937 472 -926 610 -788 390 -342 -204 -546 -486 -561 704 413 -148 282 -630 -423 -836 -284 -540 142 969 -2 -480 -365 649 892 -757 -314 -425 -835 705 759 -982 664 -75 125 790 -652 -269 -972 -29 925 762 463 -830 -550 984 -613 614 584 316 -488 -895
-876 -537 283 425 198 64 -357 713 -845 -218 -857 160 90 456 -205 -829 202 -284 -204 -547 -96 574 144 624 -472 201 -811 24 -913 -952 512 -606 -135 762 -777 -533 758 -228
-861 117 376 -926 -437 -242 216 788 997 215 746 -542 -461 -285 -512 -192 591 -402 604 -620 -432 -757 85 -971 219 -927 132 826 85 276 850 -744 900 -297 134 -95 -150 351 -53 -955 401 -640 -579 727 -796 -710 -787 615 536 -932 -306 319 777 220 576 66 -567
587 -511 -370 -433 -78 -806 -797 -598 300 -746 -110 101 323 53 605 689 403 -282 -598 515 -929 778 -783 398 -584 -249 -919 -459 499 921 35 -601 -595 503 261 916 -243 -772 -649 692 370 748 -160 468 975 -281 -669 -368 -748 25 350 -486 984 584
180 575 -148 -222 933 -319 501 514 804 327 189 179 38 -867 -144 11 395 230 241 879 -714 -106 970 40 -269 487 -441 -64 313 -935 303 -372 693 839 -827 -982 -108 -405 74 497 256 735 215 -794 -608
-222 -778 106 -359 402 -970 846 -973 -34 -650 59 -913 -397 615 -152 622 -119 -495 588 -429 -462 815 -725 996 -740 -202 -148 443 683 113 -689 -112 -485 -199 409 562 -913 -470 297 -683 420 -42 974 760 587 -440
-316 678 220 145 -852 275 643 958 905 -613 925 287 -613 -571 -319 77 -100 -772 182 -650 263 -68 -10 -981 -413 -562 313 552 -26 -842 997 267 600 -751 399 -646 851 361 305 655 -538 -94 35 291 -341 -226 -631 743
-368 -425 -427 -974 -753 -317 -997 795 728 823 788 384 -6 -394 -309 656 -944 -736 -235 919 806 -814 -790 -93 -48 -293 -395 66 323 141 -419 -798 791 -170 688 509 645 -404 206 -256 451