-311.8181818181818
118.33333333333333
77.5
-91.11111111111111
-251.42857142857142
487.0
252.0
-148.33333333333334
34.166666666666664
-117.3076923076923
-255.33333333333334
-243.33333333333334
-115.76923076923077
127.91666666666667
-84.0
-125.71428571428571
-52.22222222222222
281.8181818181818
433.3333333333333
45.714285714285715
215.0
-70.76923076923077
97.6923076923077
-487.0
155.0
-312.0
-5.833333333333333
-2.857142857142857
-134.54545454545453
-115.0
108.57142857142857
-320.7142857142857
132.5
580.0
-12.333333333333334
156.5
188.5
-255.0
253.33333333333334
-274.44444444444446
110.9090909090909
72.14285714285714
-154.44444444444446
609.0
94.0
174.0
151.07142857142858
112.0
245.71428571428572
-92.33333333333333
528.3333333333334
288.0
-128.05555555555554
-85.0
-34.642857142857146
161.66666666666666
200.0
-197.08333333333334
275.4166666666667
-82.14285714285714
