583 -121 899 -394 -13 -1 -701 N/A -473 517 N/A -28 N/A -991 N/A 316 338 N/A 774 599 N/A 991 N/A 912 -915 610 N/A 74 N/A -428 N/A -182 -897 -362 -406 -225 805 422 995 724 503 -424 N/A 847
-682 786 N/A -139 N/A -650 809 N/A -990 711 N/A 434 -138 379 -990 -354 318 17 -815 -705 N/A -318 -732 N/A -422 -561 -576 -822 N/A -98 N/A -926 866 -322 -593 -649 N/A 470 -243 172 -75 978 N/A 782 -257 -891 N/A -841 N/A -678 -851 -606 -870 -203 N/A 927 N/A -52 472 N/A -779
123 -80 39 N/A 17 N/A 99 567 N/A -871 -792 -249 600 622 -442 N/A -343 N/A -668 788 N/A -34 N/A 637 N/A 339 573 360 -449 138 N/A 788 402 N/A -463 746 -672 N/A -317 N/A 273 N/A -519 -928 -887 487 N/A -976 -457 -512 -400 -339 179 -970 -946 -866 N/A -509 634 -196 16 -163 N/A -258 N/A 641 569 449 130 704 N/A 539 825 -121
-8 N/A 282 858 838 N/A 862 444 N/A 3 -184 -490 856 106 N/A -547 N/A 602 26 N/A -768 388 -435 339 817 N/A 274 -985 263
-200 N/A 245 504 282 -437 299 N/A -818 N/A -286 -155 469 N/A -399 878 -887 -716 N/A 506 860 N/A -122 866 649 N/A -24 -389 116 977 N/A -76
-532 N/A 74 696 N/A 321 N/A 165 N/A -101 647 N/A 289 955 714 -708 -131 -837 N/A 194 332 -305 -754 N/A -302 248 797 N/A 142 639 -113 N/A 159 -902 N/A -766 115 -571 159 158 N/A 688 126 N/A -531 -674 710 407 -518 -688 240 -834 N/A -177 N/A 371 N/A 460 306 768
-213 -43 424 32 -566 -997 N/A -938 -147 0 N/A 937 -852 803 778 -331 538 N/A 641 -614 934 465 N/A -806 309 N/A 28 -618 N/A -435 N/A 225 N/A 927 322 408 -382 N/A -776 N/A 364 911 889 -479 N/A 862 334 N/A 817 507 N/A 499 N/A 720 868 361 662 -448 N/A 661 N/A 588 346 N/A 873 -376 843 276 -300 448 872
-718 58 -46 745 N/A -608 -39 -777 -550 -1000 -221 N/A -466 N/A 996 N/A -348 118 -185 N/A -529 786 N/A -18 731 N/A -961 -927 -322 -644 -132 N/A -955 -142 N/A -471 744 N/A 456 369 -804
535 500 74 N/A 506 N/A 956 -535 675 N/A 453 69 N/A -456 890 381 616 N/A 186 -641 252 440 -619 614 -231 N/A -821 -341 N/A -908
143 -499 N/A 393 N/A 7 431 -548 N/A -76 N/A 804 192 756 -414 716 -875 N/A 645 703 508 843 -337 -487 N/A -729 -483 N/A 470 -259 -807 -832 N/A 336 N/A -282 762 N/A -898 -656
234 -302 -830 -983 N/A -444 972 -3 262 542 597 -849 -47 -949 -685 N/A 430 N/A 278 N/A -109 -977 82 N/A -139 N/A 523 855 842 161 N/A -599 -159 N/A -774 -224 16 N/A 376 -582 N/A -145 933 -816 N/A 725 -120
410 N/A 591 N/A 898 N/A -500 N/A 556 N/A 175 231 -134 -3 N/A 390 -120 -234 345 -815 -609 -265 808 750 -234 182 832 -174 -856 524 N/A -194 -614 212 -956 991 -260 -316 N/A -543 948 N/A -606 N/A 388 N/A -522 N/A 841 823 N/A -219 -964 462 -501 N/A 925 -852 N/A -931 131 -885
851 -101 853 -289 N/A -238 -728 244 N/A 554 560 N/A -63 N/A -792 N/A 53 -429 N/A -643 -894 -725 N/A -351 990 235 956 -172 N/A 445 234 -816 -282 N/A 309 217 N/A 200 N/A -555 369 -987 594 N/A -540 140 132 -635 586 28 N/A -796 695 -961 -664
-561 141 N/A 234 881 -634 N/A -108 747 -672 N/A -387 7 N/A -498 172 665 -221 -719 N/A -168 610 -586 -723 N/A 751 -9 99 N/A -911
-674 N/A -205 -897 N/A -981 707 -727 438 -186 N/A -834 756 N/A 891 641 N/A 929 742 393 -351 N/A -977 833 -831 510
-416 332 359 -927 739 N/A 79 N/A -434 -574 650 N/A -862 N/A 77 N/A -602 737 148 -881 529 N/A 264 -120 N/A -27 646 N/A -82 N/A 230 N/A -571 455 -614 164 498 82 -473 174 -842 -30
-549 374 -13 N/A 248 N/A -470 N/A 849 N/A -764 269 N/A -985 -192 N/A -39 208 -517 -30 64 -181 -83 N/A -336 -985 -540 197 N/A -924 786 848 591 -957 -437 N/A -695 N/A 177 -884 -134 -355 -909 125 -711 568 N/A -44 N/A 797 873 -394 169 N/A -947
-922 N/A -876 -819 647 575 N/A 204 N/A -664 -677 N/A 710 820 -147 -172 N/A -574 268 N/A -111 -638 N/A 660 -274 -702 -799 441 N/A -415 N/A -835 412 -773 -905 N/A 236 576 -517 545 -799 N/A -855 698 -952
401 -257 -280 -57 -638 N/A 997 -708 N/A -153 879 608 -173 N/A -566 478 10 N/A -393 N/A -687 904 N/A 976 724 975 -834 N/A -640 -857 N/A -599 459 N/A 421 -607 -379 N/A 425 -857 -894 -43 N/A -254
-375 N/A 350 N/A 413 151 -967 811 -938 N/A 873 -485 -552 -887 N/A 578 N/A -204 -39 N/A 992 N/A 348 -984 -358 -270 718 -741 N/A -414 N/A -522 N/A -141 235 -976 996 -883 572 -555 N/A -73 -816 -190 113 887 N/A 481
-634 N/A -75 214 N/A -566 -24 N/A 20 N/A 489 N/A -26 -917 449 -326 357 N/A 472 N/A -384 -863 N/A -162 -110 N/A 830 -729 -414 54 -201 989 -164 N/A 318 264 396 656 -866 561 N/A 702 N/A -906 -569 -869 559 257
693 N/A 703 731 622 -788 101 534 804 N/A 465 -798 -282 646 N/A 609 -559 -870 -12 417 N/A -726 103 N/A -742 -279 -241 N/A 390 N/A -274 699 -398 N/A -3 -174 N/A 188 -464 -644 N/A -28 -588 -770 N/A 256 N/A -985 N/A -650 7 N/A 239 166 N/A 129 229 N/A -838 -399 538 -641 117 220 560 -974
-741 -751 545 46 472 -782 -666 N/A -481 -886 N/A -390 -160 639 -371 995 -92 -518 N/A -594 955 136 49 N/A -815 -273 N/A -481 N/A -569 N/A -761 N/A -306 N/A -994 N/A -573 -649 235 -292 135 339 -565 801 N/A 930
810 989 -303 N/A 201 N/A -789 -11 N/A 885 -484 -716 N/A 256 -577 -36 201 -592 -874 364 N/A 287 -14 805 192 N/A 505 679 685 -44 -373 -5 N/A -931 N/A -886 -246 N/A 697 N/A -375 -374 193 -197 N/A 908 N/A -744 N/A -443 -355 -88 368
189 N/A 937 595 -300 N/A -339 636 340 N/A -781 658 -951 -489 N/A -368 N/A 488 -784 644 -191 -766 -774 -843 N/A -216 460 670 N/A 417 N/A -255 568 -895 506 N/A 411 639 N/A 882 -889 869 N/A -70 450 N/A 808 437 436 -656
462 -612 37 N/A 704 865 -842 105 -343 N/A -222 235 355 N/A -240 791 -304 -198 243 44 -787 N/A 246 365 -982 -991 N/A -419 N/A -528 N/A 33 -897 N/A 767 N/A -293 N/A -447 11 -183 743 N/A -950 49 N/A -843 888 -499 N/A 251 458 749 N/A 190 454
1 N/A 195 -593 569 188 -641 -775 -651 -701 N/A -310 -666 -284 -200 -5 N/A -56 701 684 N/A -452 853 -816 223 N/A -394 867 112 -458 N/A -593 -3 N/A -598 N/A 853 -742 N/A 877 -418 N/A -882 134 N/A -929 378
206 -624 -334 -362 N/A 302 N/A -505 -151 660 874 18 N/A 487 N/A 708 803 -933 637 N/A -8 -193 N/A -163 -512 -409
-744 195 721 826 N/A 30 374 -785 N/A -682 N/A 110 N/A -319 -86 -38 N/A -840 586 -159 N/A 189 N/A 143 -497 N/A -16 90 -793 -94 29 -981 N/A 387 -421 N/A 4 617 890 -7 230
-308 965 N/A -138 791 N/A -70 573 -540 270 N/A 293 -280 -1000 N/A 489 123 170 -418 677 N/A 123 619 N/A 100
293 -706 -862 -125 N/A -155 -312 529 -984 N/A -344 450 -804 N/A 460 600 386 -690 N/A 8 -515 152 -628 N/A 5 -64 -56 N/A 767 -623 709 -537 -154 115 N/A -127 N/A -913 N/A 745 N/A 602 222 N/A 359 83 337 N/A 310 -957 432 124 -61 N/A -182 N/A 574 16 -116 -60 N/A 164 657 218 N/A 835 -520
960 N/A 627 -356 N/A -278 262 -135 835 N/A -802 -515 -2 -402 N/A 180 503 962 188 94 -467 -362 680 -98 749 N/A 637 N/A 142 -148 N/A -330 865 N/A 283 537 -509 N/A -635 -191 N/A 340 28 -333 N/A 741 -920 156 798 132 N/A -277 -482 426 N/A -177 473 N/A 880 N/A 910 -607 N/A 389 181 N/A -340 845 -618 -629
617 175 -557 281 196 165 -472 356 N/A -585 -3 -852 N/A -367 808 N/A 245 -690 -823 337 N/A 916 N/A -261 396 N/A 639 N/A 422 -400 N/A -39 529 870 616 N/A 162 -163 137 N/A 579 862 -477 991 699 -180 N/A 639 556 -99 N/A -669 -69 -148 214 N/A 879 N/A -990 N/A 323 -147 99
275 -540 N/A -205 -596 -933 N/A -844 795 N/A -988 N/A -861 418 -180 N/A 775 N/A -840 293 -952 288 N/A 444 -341 N/A -185 -506 -489 -619 567 8 -920 N/A -240 -120 -131 756 N/A -229 239
3 288 692 618 -75 N/A 936 579 123 -409 910 N/A -754 N/A -81 400 -37 -654 N/A 3 535 N/A -44 131 261 773 N/A 932 N/A 768 N/A 865 N/A 250 -533 N/A -753 528 168 906 578 -786 342 394 N/A 448 -892 398 -882 N/A -860 N/A -742 -960 522 573 N/A -234 N/A -783
-400 527 -308 -599 -941 N/A 442 N/A -591 N/A 918 N/A -221 N/A -873 N/A 840 N/A 399 -217 -696 127 130 535 151 216 N/A -937 793 -5 -534 801 -366 552 798 -337 -638 939 N/A -296 N/A 439 N/A 918 82 N/A 651 497 N/A -113 -466 496 508 -752 N/A 911 N/A -753 -275 -882 N/A -983 -790 528 271 -446 N/A 227 -63 -531 N/A -540 -91
-760 -811 35 -425 -958 N/A -513 N/A -158 N/A -899 674 854 -310 N/A -779 N/A -961 -535 N/A 181 N/A 297 N/A 171 N/A -450 N/A 725 -793 -737 -158 705 -520 -677 -905 645 302 N/A -942 N/A 152 387 N/A 55 331 -103 112 -757 -439 -443 318 -865 N/A -463 -138 667 N/A 360 313 N/A -927 -447 -394 -733
-290 -901 768 903 N/A -509 N/A -43 911 -669 -341 N/A -608 -276 684 -252 634 70 -169 -702 987 974 -629 N/A -871 N/A -90 556 N/A -277 -271 10 114 241 487 -639 52 N/A -977 150 N/A -530 -915 N/A -515 N/A 638 627 N/A -79 477 N/A -832 N/A 913 -639 525 N/A 549 N/A -229 -213 670 N/A -277 13 -538 N/A 68
386 -714 512 N/A 572 62 -418 672 N/A -306 N/A -994 526 317 733 458 741 N/A -798 -80 -22 742 N/A 94 -182 -595 139 N/A 46 206 N/A 972 -764 740 -201 242 944 -964 393 N/A -68 N/A 187 N/A 914 N/A 812 N/A 533
381 -264 562 -231 N/A -5 -883 N/A 599 -883 708 N/A -226 853 N/A -368 N/A 26 299 841 -458 -912 N/A 192 N/A 159 N/A 274 -773 122 -288 254 430 559 497 988 842 239 447 30 N/A 509 N/A -487 -143 -749 N/A -661 N/A -862 N/A -437 -350 -384 534 217 N/A -373 584
580 N/A -970 979 N/A 784 -295 263 -452 334 N/A 987 -881 -461 -392 N/A -394 -553 N/A 280 N/A 969 N/A -791 -220 212 979 231 455
191 -400 N/A -784 -349 -557 515 N/A -284 -893 -729 -161 N/A 980 N/A -951 -179 N/A -699 953 708 852 N/A 627 -896 N/A 482 N/A -947 -24 -117 11 -693 -107 597 -715 -647 N/A 200 -665 801 N/A -248 721 N/A 961 170
-761 N/A 490 N/A -255 N/A -195 -997 N/A -999 N/A -674 -377 885 788 -97 -572 -293 N/A 956 -314 582 N/A -474 346 467 450 -339 -79 -371 -605 N/A -705 38 N/A 748 99 N/A 591 -299 -55 -25 -242 N/A -773 -225 -271 N/A 828 -302 -680 264 N/A -330 -292
-812 -436 N/A -177 791 -872 N/A 588 166 808 N/A 787 N/A 190 -926 152 -234 -8 -549 N/A 802 N/A -852 N/A -492 530 -542 137 -805 N/A 694 330 -276 190 N/A 982 253 -960 N/A 219 664 -744 -764 152 157 -329 168 232 -332 N/A -32 N/A 935 N/A -270 N/A -576 -993 -710 369 N/A 362 N/A -372 N/A 196 777 676
825 N/A 410 N/A -64 -156 94 N/A 174 -969 35 N/A -853 -642 N/A -36 842 787 N/A -11 -948 -993 -549 72 353 N/A -171 -42 -612 N/A 240 -887 -244 N/A -60 220
-480 -902 218 N/A 148 -148 N/A -459 N/A 177 N/A -524 129 68 -11 -761 73 -84 -834 -737 N/A 961 -201 -278 -987 353 -696 N/A 673 N/A -470 N/A 698 -448 333
-578 -161 N/A 137 -221 400 653 -949 -146 907 623 -215 -758 N/A 543 N/A 137 N/A 827 765 848 259 N/A -558 649 -40 N/A -544 N/A 334 N/A 139
717 -33 N/A 735 -647 742 N/A 905 N/A 618 -281 -379 206 -727 -646 -223 618 -32 -474 N/A -485 -947 648 N/A 996 -875 -190 115 N/A -993 -462 -332 N/A -3 N/A -355 -393 N/A 48 N/A 375 538
431 737 N/A -645 -259 N/A -932 -845 -149 -625 -998 81 N/A 802 713 N/A 140 926 N/A -566 -514 762 N/A 565 18 -884 N/A -854 -699 -105 741 N/A -544 N/A -679 N/A -343 733 N/A 15 -266 344 N/A -158 N/A -934 840 -7 346 N/A -398 370 -292 -916 -713 -491
-439 873 655 N/A 702 -673 -586 -246 N/A -304 -1 N/A 12 N/A 13 N/A 683 -172 -284 -321 652 529 N/A 713 -15 N/A -103 -900 -43 -634 -592 698 -476 794 N/A 805 360 225 N/A -624 339 -282 -740 -520 507 -572 624 N/A 432 297 N/A 772 N/A -549 N/A 565 -659 379 N/A 88 N/A -710 197 -545 N/A -564 N/A 702 N/A 510 -206 -465 -100 812 -507
977 -892 -130 461 -451 N/A 361 -646 135 N/A -411 N/A 280 260 26 N/A 131 N/A -124 N/A -797 N/A -45 -47 N/A 962 632 -110 -179 N/A -537 -394 310 -262 586 -692 -355 405 N/A -21
867 N/A -465 -560 -928 -698 N/A 18 -254 N/A 314 N/A 390 N/A 97 N/A 184 N/A 578 N/A 414 245 -70 -682 195 -251 N/A 81 660 N/A 293 733 244 -429 -377 N/A -547 -136 145 981 -229 -412 -87 292 -4
-699 N/A 327 -884 -123 -963 N/A -168 -850 -910 460 754 959 N/A 735 584 265 -481 N/A -634 310 N/A -784 613 209 -404 N/A -179 N/A 178 -459
341 N/A -135 -631 79 -444 N/A -862 -597 -685 N/A -589 N/A -426 -346 N/A 456 -430 893 N/A -569 -992 26 N/A 323 -843 942 76 N/A 832 232 N/A -63 N/A -397 914 -555 -83 N/A -39 -35 130 -928 -719 214 198 N/A 29 871
608 N/A 890 -998 -67 185 N/A -886 517 N/A -185 N/A 330 401 N/A -831 N/A 876 206 591 -283 N/A -920 N/A 281 -216 890 N/A -324 470 249 -584 451 237 N/A -30 -511 -194 N/A 764 N/A -710 -132 -931 -991 -455 -358 -805 N/A 293 545 635 103 N/A 484 258 486
-547 851 578 N/A -326 N/A -270 -150 -689 N/A -495 -631 N/A -210 N/A -203 945 -893 -781 368 -306 -811 53 N/A -913 896 -735 33 N/A 97
822 -429 N/A 111 927 890 N/A -332 -846 -244 -174 400 N/A 48 35 906 N/A 151 -475 647 -815 N/A 778 N/A 478 969 -472 N/A 204 -823 313 103 N/A -856 N/A 123 616 125 -398 -898 117 N/A 162 N/A -722
435 -423 -149 -388 344 723 N/A -537 -806 317 N/A 47 -855 -166 -379 N/A 564 -540 N/A -752 430 -188 N/A -968 N/A 956 549
581 941 99 N/A -580 462 N/A 780 N/A 254 -523 N/A -169 413 -289 -654 -819 N/A 184 N/A 203 961 -30 458 36 133 640 966 -837 N/A 895